0 25
0 30
0 35
1 56
1 61
1 64
0 68
0 72
1 82
1 85
0 100
0 102
0 108
1 118
0 123
0 132
0 135
0 159
1 162
0 179
0 187
1 221
0 241
0 244
1 252
0 277
1 281
1 298
1 306
1 308
1 310
1 320
1 330
1 347
1 357
1 374
1 380
1 381
1 390
1 405
1 408
1 416
1 433
1 437
1 442
1 447
1 448
0 451
1 460
1 472
1 513
1 519
1 527
1 530
1 537
1 544
1 555
1 556
1 565
1 568
0 595
1 599
1 603
0 613
1 615
1 631
1 637
1 640
1 650
1 671
1 676
1 678
1 696
1 725
1 738
1 784
1 795
1 805
1 812
1 827
0 833
0 847
1 858
1 860
0 869
0 873
0 874
1 878
1 897
0 908
1 913
1 920
1 924
1 928
1 938
1 944
1 947
1 953
1 968
1 971
0 975
1 1002
1 1025
1 1026
1 1027
1 1032
