1 25
0 30
0 35
0 56
1 61
1 64
1 68
1 72
1 82
1 85
0 100
0 102
0 108
0 118
0 123
0 132
1 135
1 159
1 162
0 179
0 187
0 221
0 241
0 244
1 252
0 277
1 281
1 298
1 306
1 308
1 310
0 320
1 330
1 347
0 357
1 374
1 380
1 381
1 390
1 405
1 408
1 416
1 433
1 437
1 442
1 447
1 448
1 451
1 460
1 472
0 513
1 519
1 527
0 530
1 537
0 544
1 555
1 556
1 565
1 568
0 595
0 599
0 603
0 613
0 615
1 631
1 637
1 640
1 650
1 671
1 676
1 678
1 696
0 725
0 738
1 784
1 795
1 805
1 812
1 827
0 833
0 847
1 858
0 860
0 869
0 873
0 874
1 878
1 897
0 908
1 913
1 920
1 924
1 928
1 938
1 944
1 947
1 953
1 968
0 971
0 975
0 1002
0 1025
0 1026
0 1027
0 1032
