0 4
0 48
0 63
0 72
0 74
0 87
0 94
0 98
1 111
0 112
0 114
0 152
0 177
0 190
0 192
0 196
0 198
0 207
0 221
0 226
0 230
0 234
0 251
0 269
0 315
0 318
0 323
0 331
0 346
0 350
0 356
0 363
0 371
0 378
0 379
0 384
0 410
0 413
0 437
0 438
0 445
0 448
0 453
0 456
0 463
0 467
0 480
0 485
1 489
0 511
0 513
0 517
0 519
0 528
0 530
0 545
0 564
0 568
1 575
1 597
1 600
1 603
1 622
0 626
0 629
0 630
0 641
1 648
1 653
1 663
1 667
1 669
1 683
0 684
1 732
0 737
1 741
1 762
1 768
0 772
0 797
1 805
1 810
1 816
1 818
0 841
0 843
1 853
1 854
0 860
0 868
1 879
0 926
0 928
