1 4
1 48
1 63
0 72
1 74
1 87
0 94
1 98
1 111
1 112
1 114
1 152
1 177
1 190
0 192
1 196
1 198
1 207
1 221
1 226
0 230
0 234
0 251
0 269
0 315
0 318
1 323
1 331
1 346
1 350
0 356
1 363
0 371
0 378
1 379
0 384
0 410
0 413
0 437
0 438
0 445
1 448
0 453
0 456
0 463
0 467
0 480
1 485
0 489
1 511
0 513
0 517
0 519
1 528
0 530
0 545
0 564
0 568
1 575
1 597
1 600
1 603
1 622
1 626
1 629
1 630
1 641
1 648
0 653
1 663
1 667
1 669
1 683
1 684
1 732
1 737
1 741
1 762
1 768
1 772
1 797
1 805
1 810
1 816
1 818
1 841
1 843
1 853
1 854
1 860
1 868
1 879
1 926
1 928
